0 0.33203125 0.361328125 0.001953125 0.0068359375
0 0.29296875 0.263671875 0.001953125 0.00390625
0 0.3173828125 0.236328125 0.001953125 0.00390625
0 0.3046875 0.2353515625 0.013671875 0.01171875
0 0.3046875 0.2275390625 0.001953125 0.001953125
0 0.318359375 0.1826171875 0.0009765625 0.0009765625
0 0.3203125 0.1796875 0.0009765625 0.001953125
0 0.8603515625 0.16796875 0.00390625 0.0029296875
0 0.859375 0.1533203125 0.001953125 0.0029296875
0 0.306640625 0.1513671875 0.0009765625 0.0009765625
0 0.29296875 0.1533203125 0.0078125 0.0078125
0 0.583984375 0.54296875 0.689453125 0.912109375